0.000000000000000000e+00 1.834157056562328580e-02
0.000000000000000000e+00 1.900054914881933385e-02
0.000000000000000000e+00 1.969613765330404526e-02
0.000000000000000000e+00 2.039172615778876013e-02
0.000000000000000000e+00 2.114222954420648046e-02
0.000000000000000000e+00 2.189273293062420078e-02
0.000000000000000000e+00 2.267984623833059141e-02
0.000000000000000000e+00 2.350356946732564539e-02
0.000000000000000000e+00 2.434559765696503800e-02
0.000000000000000000e+00 2.522423576789310090e-02
0.000000000000000000e+00 2.613948380010983064e-02
0.000000000000000000e+00 2.707303679297089552e-02
0.000000000000000000e+00 2.804319970712063070e-02
0.000000000000000000e+00 2.904997254255903619e-02
0.000000000000000000e+00 3.009335529928610850e-02
0.000000000000000000e+00 3.117334797730185111e-02
0.000000000000000000e+00 3.228995057660626056e-02
0.000000000000000000e+00 3.344316309719934377e-02
0.000000000000000000e+00 3.463298553908109034e-02
0.000000000000000000e+00 3.585941790225150722e-02
0.000000000000000000e+00 3.714076514735493301e-02
0.000000000000000000e+00 3.845872231374702910e-02
0.000000000000000000e+00 3.983159436207212023e-02
0.000000000000000000e+00 4.124107633168588166e-02
0.000000000000000000e+00 4.270547318323265895e-02
0.000000000000000000e+00 4.422478491671243128e-02
0.000000000000000000e+00 4.578070657148087391e-02
0.000000000000000000e+00 4.739154310818231852e-02
0.000000000000000000e+00 4.907559948746109679e-02
0.000000000000000000e+00 5.079626578802855924e-02
1.447999999999999926e-296 5.259015193117335535e-02
5.408000000000000106e-282 5.442064799560680788e-02
3.829999999999999778e-268 5.634266886326194657e-02
5.586999999999999562e-255 5.830129965220574861e-02
1.815000000000000044e-242 6.035145524437122988e-02
1.415999999999999982e-230 6.245652571846970619e-02
2.842999999999999701e-219 6.461651107450119835e-02
1.571999999999999901e-208 6.686802123375434892e-02
2.554000000000000178e-198 6.919275123558484009e-02
1.293999999999999932e-188 7.157239611934834711e-02
2.167999999999999894e-179 7.404356580633351947e-02
1.267999999999999931e-170 7.660626029654037106e-02
2.729000000000000087e-162 7.924217462932456324e-02
2.269999999999999968e-154 8.195130880468606827e-02
7.653999999999999975e-147 8.475196778326926639e-02
1.092999999999999916e-139 8.764415156507412985e-02
6.907000000000000081e-133 9.062786015010067253e-02
2.009000000000000007e-126 9.370309353834889443e-02
2.795999999999999840e-120 9.686985172981878167e-02
1.930999999999999822e-114 1.001464396851546867e-01
6.853000000000000153e-109 1.035145524437122572e-01
1.292000000000000071e-103 1.069924949661358315e-01
1.333999999999999958e-98 1.105619622917810851e-01
7.776999999999999569e-94 1.142595643419366674e-01
2.633999999999999842e-89 1.180486911953139290e-01
5.321000000000000480e-85 1.219476478125572083e-01
6.579999999999999840e-81 1.259747391543108164e-01
5.103000000000000154e-77 1.301116602599304284e-01
2.540999999999999909e-73 1.343584111294160721e-01
8.298000000000000087e-70 1.387516016840563693e-01
1.816000000000000053e-66 1.432363170419183596e-01
2.715000000000000254e-63 1.478674720849350310e-01
2.827999999999999787e-60 1.526267618524620173e-01
2.088000000000000011e-57 1.575141863444993739e-01
1.112000000000000010e-54 1.625297455610470454e-01
4.338999999999999775e-52 1.676734395021050594e-01
1.261000000000000072e-49 1.729635731283177824e-01
2.766000000000000053e-47 1.784001464396851588e-01
4.648000000000000124e-45 1.839648544755628778e-01
6.062999999999999925e-43 1.896393922753066008e-01
6.213999999999999639e-41 1.954969796814937100e-01
5.066000000000000028e-39 2.015376166941241221e-01
3.321999999999999852e-37 2.075782537067545341e-01
1.770999999999999889e-35 2.139849899322716631e-01
7.758000000000000110e-34 2.203917261577887643e-01
2.818999999999999914e-32 2.269815119897492239e-01
8.576999999999999720e-31 2.337543474281530420e-01
2.204000000000000016e-29 2.405271828665568601e-01
4.825000000000000150e-28 2.476661175178473395e-01
9.066999999999999640e-27 2.548050521691378467e-01
1.473999999999999959e-25 2.621270364268716846e-01
2.087999999999999966e-24 2.696320702910489087e-01
2.594999999999999963e-23 2.771371041552260772e-01
2.847000000000000101e-22 2.850082372322899626e-01
2.776000000000000028e-21 2.928793703093538481e-01
2.419000000000000078e-20 3.009335529928610642e-01
1.894000000000000043e-19 3.091707852828116110e-01
1.339999999999999996e-18 3.174080175727622688e-01
8.603999999999999824e-18 3.260113490755994770e-01
5.042000000000000134e-17 3.346146805784367961e-01
2.707999999999999827e-16 3.434010616877173905e-01
1.339000000000000064e-15 3.521874427969979848e-01
6.116999999999999804e-15 3.611568735127219654e-01
2.594000000000000105e-14 3.703093538348892766e-01
1.023999999999999979e-13 3.796448837634999740e-01
3.778999999999999851e-13 3.889804136921106159e-01
1.308000000000000081e-12 3.983159436207212578e-01
4.257999999999999830e-12 4.080175727622186166e-01
1.308000000000000000e-11 4.175361522972725892e-01
3.802999999999999689e-11 4.274208310452132786e-01
1.048999999999999945e-10 4.373055097931539681e-01
2.753000000000000213e-10 4.471901885410946575e-01
6.891999999999999568e-10 4.570748672890353470e-01
1.648999999999999992e-09 4.671425956434194227e-01
3.781000000000000075e-09 4.773933736042467735e-01
8.322000000000000007e-09 4.874611019586308491e-01
1.762999999999999971e-08 4.977118799194581444e-01
3.598000000000000190e-08 5.079626578802856063e-01
7.093000000000000053e-08 5.183964854475563433e-01
1.353000000000000005e-07 5.286472634083836386e-01
2.498999999999999812e-07 5.390810909756543756e-01
4.480999999999999957e-07 5.493318689364817820e-01
7.810000000000000187e-07 5.597656965037525190e-01
1.325000000000000019e-06 5.700164744645799253e-01
2.190000000000000208e-06 5.804503020318506623e-01
3.532999999999999886e-06 5.907010799926780686e-01
5.567999999999999884e-06 6.009518579535053640e-01
8.583999999999999468e-06 6.112026359143328813e-01
1.295999999999999958e-05 6.214534138751601766e-01
1.917000000000000111e-05 6.315211422295442523e-01
2.784000000000000111e-05 6.415888705839282169e-01
3.970000000000000276e-05 6.516565989383122925e-01
5.564999999999999743e-05 6.615412776862529265e-01
7.674999999999999531e-05 6.714259564341936715e-01
1.041999999999999985e-04 6.813106351821344164e-01
1.394000000000000003e-04 6.910122643236317197e-01
1.840000000000000001e-04 7.005308438586856923e-01
2.395999999999999964e-04 7.100494233937396649e-01
3.080000000000000055e-04 7.193849533223504178e-01
3.913000000000000245e-04 7.287204832509609487e-01
4.914000000000000182e-04 7.378729635731283709e-01
6.105999999999999883e-04 7.468423942888523515e-01
7.508000000000000351e-04 7.556287753981328903e-01
9.141999999999999953e-04 7.644151565074135402e-01
1.103000000000000031e-03 7.730184880102507483e-01
1.319000000000000077e-03 7.814387699066447368e-01
1.564000000000000069e-03 7.896760021965952836e-01
1.838999999999999923e-03 7.977301848801024997e-01
2.147000000000000037e-03 8.056013179571663851e-01
2.488000000000000194e-03 8.134724510342302706e-01
2.863999999999999792e-03 8.209774848984074946e-01
3.275000000000000133e-03 8.284825187625847187e-01
3.722000000000000048e-03 8.356214534138752814e-01
4.205000000000000404e-03 8.425773384587224024e-01
4.725000000000000033e-03 8.493501738971260817e-01
5.279999999999999971e-03 8.559399597290866524e-01
5.870000000000000218e-03 8.623466959546036703e-01
6.496000000000000038e-03 8.685703825736774686e-01
7.154999999999999902e-03 8.746110195863079362e-01
7.846999999999999809e-03 8.804686069924949621e-01
8.569999999999999493e-03 8.861431447922387683e-01
9.324000000000000690e-03 8.916346329855391328e-01
1.010999999999999920e-02 8.967600219659528360e-01
1.090999999999999956e-02 9.018854109463665392e-01
1.175000000000000003e-02 9.066447007138934699e-01
1.260999999999999968e-02 9.114039904814205117e-01
1.348000000000000066e-02 9.157971810360607812e-01
1.438000000000000042e-02 9.200073219842577199e-01
1.529999999999999936e-02 9.242174629324547697e-01
1.623000000000000137e-02 9.280615046677650470e-01
1.717000000000000123e-02 9.319055464030752134e-01
1.813000000000000028e-02 9.355665385319422711e-01
1.909999999999999892e-02 9.390444810543657761e-01
2.008000000000000063e-02 9.423393739703459504e-01
2.105999999999999886e-02 9.454512172798829051e-01
2.205000000000000016e-02 9.483800109829764180e-01
2.304000000000000145e-02 9.511257550796266003e-01
2.403999999999999887e-02 9.538714991762767825e-01
2.503999999999999976e-02 9.564341936664836341e-01
2.604000000000000065e-02 9.589968881566904857e-01
2.704000000000000153e-02 9.611934834340106759e-01
2.803999999999999895e-02 9.633900787113308661e-01
2.903000000000000025e-02 9.655866739886509453e-01
3.002000000000000154e-02 9.676002196595276938e-01
3.100999999999999937e-02 9.694307157239612227e-01
3.198999999999999760e-02 9.712612117883947516e-01
3.296999999999999931e-02 9.729086582463848387e-01
3.393999999999999795e-02 9.745561047043749259e-01
3.490999999999999659e-02 9.760205015559216823e-01
3.586999999999999911e-02 9.774848984074685498e-01
3.681999999999999856e-02 9.787662456525718646e-01
3.776999999999999802e-02 9.800475928976752904e-01
3.869999999999999829e-02 9.813289401427787162e-01
3.964000000000000162e-02 9.824272377814388113e-01
4.055999999999999883e-02 9.835255354200989064e-01
4.148000000000000298e-02 9.844407834523156708e-01
4.238999999999999713e-02 9.853560314845324353e-01
4.329000000000000209e-02 9.862712795167489777e-01
4.417999999999999705e-02 9.871865275489657421e-01
4.506999999999999895e-02 9.879187259747391758e-01
4.594999999999999779e-02 9.886509244005126096e-01
4.682000000000000051e-02 9.893831228262859323e-01
4.769000000000000322e-02 9.901153212520593661e-01
4.855000000000000288e-02 9.906644700713893581e-01
4.941000000000000253e-02 9.912136188907193501e-01
5.025000000000000300e-02 9.917627677100494532e-01
5.109999999999999959e-02 9.923119165293795563e-01
5.192999999999999700e-02 9.928610653487094373e-01
5.276000000000000134e-02 9.932271645615963207e-01
5.358999999999999875e-02 9.937763133809262017e-01
5.441000000000000003e-02 9.941424125938128631e-01
5.523000000000000131e-02 9.945085118066997465e-01
5.603999999999999954e-02 9.948746110195864079e-01
5.684999999999999776e-02 9.952407102324730692e-01
5.766000000000000292e-02 9.954237598389162889e-01
5.845999999999999808e-02 9.957898590518030613e-01
5.926000000000000018e-02 9.959729086582463919e-01
6.004999999999999921e-02 9.963390078711330533e-01
6.085000000000000131e-02 9.965220574775764950e-01
6.164000000000000035e-02 9.967051070840198257e-01
6.242999999999999938e-02 9.970712062969064871e-01
6.321999999999999842e-02 9.972542559033498177e-01
6.400000000000000133e-02 9.974373055097931484e-01
6.479000000000000037e-02 9.976203551162364791e-01
6.557000000000000328e-02 9.976203551162364791e-01
6.636000000000000232e-02 9.978034047226799208e-01
6.714000000000000523e-02 9.979864543291232515e-01
6.791999999999999427e-02 9.981695039355665822e-01
6.870999999999999330e-02 9.981695039355665822e-01
6.948999999999999622e-02 9.983525535420099128e-01
7.027999999999999525e-02 9.985356031484532435e-01
7.105999999999999817e-02 9.985356031484532435e-01
7.184999999999999720e-02 9.987186527548965742e-01
7.263999999999999624e-02 9.987186527548965742e-01
7.342999999999999527e-02 9.989017023613400159e-01
7.421999999999999431e-02 9.989017023613400159e-01
7.500999999999999335e-02 9.990847519677832356e-01
7.581000000000000238e-02 9.990847519677832356e-01
7.660999999999999754e-02 9.990847519677832356e-01
7.741000000000000658e-02 9.992678015742266773e-01
7.821000000000000174e-02 9.992678015742266773e-01
7.902000000000000690e-02 9.992678015742266773e-01
7.982999999999999818e-02 9.992678015742266773e-01
8.064999999999999947e-02 9.994508511806700080e-01
8.146000000000000463e-02 9.994508511806700080e-01
8.228000000000000591e-02 9.994508511806700080e-01
8.311000000000000332e-02 9.994508511806700080e-01
8.394000000000000072e-02 9.996339007871133386e-01
8.476999999999999813e-02 9.996339007871133386e-01
8.561000000000000554e-02 9.996339007871133386e-01
8.644999999999999907e-02 9.996339007871133386e-01
8.730000000000000260e-02 9.996339007871133386e-01
8.815000000000000613e-02 9.996339007871133386e-01
8.901000000000000578e-02 9.996339007871133386e-01
8.987000000000000544e-02 9.998169503935566693e-01
9.074000000000000121e-02 9.998169503935566693e-01
9.160999999999999699e-02 9.998169503935566693e-01
9.249000000000000277e-02 9.998169503935566693e-01
9.338000000000000467e-02 9.998169503935566693e-01
9.427000000000000657e-02 9.998169503935566693e-01
9.515999999999999459e-02 9.998169503935566693e-01
9.607000000000000262e-02 9.998169503935566693e-01
9.697000000000000064e-02 9.998169503935566693e-01
9.789000000000000479e-02 9.998169503935566693e-01
9.880999999999999506e-02 9.998169503935566693e-01
9.973999999999999533e-02 9.998169503935566693e-01
1.006999999999999978e-01 9.998169503935566693e-01
1.015999999999999959e-01 1.000000000000000000e+00
1.025999999999999968e-01 1.000000000000000000e+00
1.034999999999999948e-01 1.000000000000000000e+00
1.044999999999999957e-01 1.000000000000000000e+00
1.054999999999999966e-01 1.000000000000000000e+00
1.063999999999999946e-01 1.000000000000000000e+00
1.073999999999999955e-01 1.000000000000000000e+00
1.083999999999999964e-01 1.000000000000000000e+00
1.093999999999999972e-01 1.000000000000000000e+00
1.103999999999999981e-01 1.000000000000000000e+00
1.115000000000000019e-01 1.000000000000000000e+00
1.125000000000000028e-01 1.000000000000000000e+00
1.135000000000000037e-01 1.000000000000000000e+00
1.145999999999999935e-01 1.000000000000000000e+00
1.155999999999999944e-01 1.000000000000000000e+00
1.166999999999999982e-01 1.000000000000000000e+00
1.176999999999999991e-01 1.000000000000000000e+00
1.188000000000000028e-01 1.000000000000000000e+00
1.199000000000000066e-01 1.000000000000000000e+00
1.209999999999999964e-01 1.000000000000000000e+00
1.221000000000000002e-01 1.000000000000000000e+00
1.232000000000000040e-01 1.000000000000000000e+00
1.243999999999999967e-01 1.000000000000000000e+00
1.255000000000000004e-01 1.000000000000000000e+00
1.265999999999999903e-01 1.000000000000000000e+00
1.277999999999999969e-01 1.000000000000000000e+00
1.290000000000000036e-01 1.000000000000000000e+00
1.300999999999999934e-01 1.000000000000000000e+00
1.313000000000000000e-01 1.000000000000000000e+00
1.325000000000000067e-01 1.000000000000000000e+00
1.337000000000000133e-01 1.000000000000000000e+00
1.348999999999999921e-01 1.000000000000000000e+00
1.361999999999999877e-01 1.000000000000000000e+00
1.373999999999999944e-01 1.000000000000000000e+00
1.386000000000000010e-01 1.000000000000000000e+00
1.398999999999999966e-01 1.000000000000000000e+00
1.411999999999999922e-01 1.000000000000000000e+00
1.423999999999999988e-01 1.000000000000000000e+00
1.436999999999999944e-01 1.000000000000000000e+00
1.449999999999999900e-01 1.000000000000000000e+00
1.464000000000000024e-01 1.000000000000000000e+00
1.476999999999999980e-01 1.000000000000000000e+00
1.489999999999999936e-01 1.000000000000000000e+00
1.504000000000000059e-01 1.000000000000000000e+00
1.517000000000000015e-01 1.000000000000000000e+00
1.531000000000000139e-01 1.000000000000000000e+00
1.544999999999999984e-01 1.000000000000000000e+00
1.559000000000000108e-01 1.000000000000000000e+00
1.572999999999999954e-01 1.000000000000000000e+00
1.587000000000000077e-01 1.000000000000000000e+00
1.602000000000000091e-01 1.000000000000000000e+00
1.615999999999999936e-01 1.000000000000000000e+00
1.630999999999999950e-01 1.000000000000000000e+00
1.645000000000000073e-01 1.000000000000000000e+00
1.660000000000000087e-01 1.000000000000000000e+00
1.675000000000000100e-01 1.000000000000000000e+00
1.690000000000000113e-01 1.000000000000000000e+00
1.706000000000000016e-01 1.000000000000000000e+00
1.721000000000000030e-01 1.000000000000000000e+00
1.736999999999999933e-01 1.000000000000000000e+00
1.751999999999999946e-01 1.000000000000000000e+00
1.768000000000000127e-01 1.000000000000000000e+00
1.784000000000000030e-01 1.000000000000000000e+00
1.799999999999999933e-01 1.000000000000000000e+00
1.816000000000000114e-01 1.000000000000000000e+00
1.832999999999999907e-01 1.000000000000000000e+00
1.849000000000000088e-01 1.000000000000000000e+00
1.865999999999999881e-01 1.000000000000000000e+00
1.882999999999999952e-01 1.000000000000000000e+00
1.900000000000000022e-01 1.000000000000000000e+00
1.917000000000000093e-01 1.000000000000000000e+00
1.933999999999999886e-01 1.000000000000000000e+00
1.952000000000000124e-01 1.000000000000000000e+00
1.968999999999999917e-01 1.000000000000000000e+00
1.986999999999999877e-01 1.000000000000000000e+00
2.005000000000000115e-01 1.000000000000000000e+00
2.023000000000000076e-01 1.000000000000000000e+00
2.041999999999999926e-01 1.000000000000000000e+00
2.059999999999999887e-01 1.000000000000000000e+00
2.079000000000000015e-01 1.000000000000000000e+00
2.096999999999999975e-01 1.000000000000000000e+00
2.116000000000000103e-01 1.000000000000000000e+00
2.134999999999999953e-01 1.000000000000000000e+00
2.154999999999999971e-01 1.000000000000000000e+00
2.174000000000000099e-01 1.000000000000000000e+00
2.194000000000000117e-01 1.000000000000000000e+00
2.212999999999999967e-01 1.000000000000000000e+00
2.232999999999999985e-01 1.000000000000000000e+00
2.253999999999999893e-01 1.000000000000000000e+00
2.273999999999999910e-01 1.000000000000000000e+00
2.293999999999999928e-01 1.000000000000000000e+00
2.315000000000000113e-01 1.000000000000000000e+00
2.336000000000000021e-01 1.000000000000000000e+00
2.356999999999999929e-01 1.000000000000000000e+00
2.378000000000000114e-01 1.000000000000000000e+00
2.399999999999999911e-01 1.000000000000000000e+00
2.421000000000000096e-01 1.000000000000000000e+00
2.442999999999999894e-01 1.000000000000000000e+00
2.464999999999999969e-01 1.000000000000000000e+00
2.487000000000000044e-01 1.000000000000000000e+00
2.510000000000000009e-01 1.000000000000000000e+00
2.533000000000000251e-01 1.000000000000000000e+00
2.555000000000000049e-01 1.000000000000000000e+00
2.577999999999999736e-01 1.000000000000000000e+00
2.601999999999999869e-01 1.000000000000000000e+00
2.625000000000000111e-01 1.000000000000000000e+00
2.649000000000000243e-01 1.000000000000000000e+00
2.672999999999999821e-01 1.000000000000000000e+00
2.696999999999999953e-01 1.000000000000000000e+00
2.721000000000000085e-01 1.000000000000000000e+00
2.746000000000000107e-01 1.000000000000000000e+00
2.770000000000000240e-01 1.000000000000000000e+00
2.795000000000000262e-01 1.000000000000000000e+00
2.821000000000000174e-01 1.000000000000000000e+00
2.846000000000000196e-01 1.000000000000000000e+00
2.872000000000000108e-01 1.000000000000000000e+00
2.898000000000000020e-01 1.000000000000000000e+00
2.923999999999999932e-01 1.000000000000000000e+00
2.949999999999999845e-01 1.000000000000000000e+00
2.977000000000000202e-01 1.000000000000000000e+00
3.004000000000000004e-01 1.000000000000000000e+00
3.030999999999999805e-01 1.000000000000000000e+00
3.058000000000000163e-01 1.000000000000000000e+00
3.084999999999999964e-01 1.000000000000000000e+00
3.113000000000000211e-01 1.000000000000000000e+00
3.140999999999999903e-01 1.000000000000000000e+00
3.170000000000000040e-01 1.000000000000000000e+00
3.197999999999999732e-01 1.000000000000000000e+00
3.226999999999999869e-01 1.000000000000000000e+00
3.256000000000000005e-01 1.000000000000000000e+00
3.286000000000000032e-01 1.000000000000000000e+00
3.315000000000000169e-01 1.000000000000000000e+00
3.345000000000000195e-01 1.000000000000000000e+00
3.375000000000000222e-01 1.000000000000000000e+00
3.406000000000000139e-01 1.000000000000000000e+00
3.436000000000000165e-01 1.000000000000000000e+00
3.467000000000000082e-01 1.000000000000000000e+00
3.498999999999999888e-01 1.000000000000000000e+00
3.529999999999999805e-01 1.000000000000000000e+00
3.562000000000000166e-01 1.000000000000000000e+00
3.593999999999999972e-01 1.000000000000000000e+00
3.627000000000000224e-01 1.000000000000000000e+00
3.659000000000000030e-01 1.000000000000000000e+00
3.691999999999999726e-01 1.000000000000000000e+00
3.725999999999999868e-01 1.000000000000000000e+00
3.759000000000000119e-01 1.000000000000000000e+00
3.793000000000000260e-01 1.000000000000000000e+00
3.826999999999999846e-01 1.000000000000000000e+00
3.861999999999999877e-01 1.000000000000000000e+00
3.896999999999999909e-01 1.000000000000000000e+00
3.931999999999999940e-01 1.000000000000000000e+00
3.966999999999999971e-01 1.000000000000000000e+00
4.002999999999999892e-01 1.000000000000000000e+00
4.038999999999999813e-01 1.000000000000000000e+00
4.074999999999999734e-01 1.000000000000000000e+00
4.112000000000000099e-01 1.000000000000000000e+00
4.148999999999999910e-01 1.000000000000000000e+00
4.187000000000000166e-01 1.000000000000000000e+00
4.223999999999999977e-01 1.000000000000000000e+00
4.263000000000000123e-01 1.000000000000000000e+00
4.300999999999999823e-01 1.000000000000000000e+00
4.339999999999999969e-01 1.000000000000000000e+00
4.379000000000000115e-01 1.000000000000000000e+00
4.418000000000000260e-01 1.000000000000000000e+00
4.457999999999999741e-01 1.000000000000000000e+00
4.497999999999999776e-01 1.000000000000000000e+00
4.539000000000000257e-01 1.000000000000000000e+00
4.580000000000000182e-01 1.000000000000000000e+00
4.621000000000000107e-01 1.000000000000000000e+00
4.662999999999999923e-01 1.000000000000000000e+00
4.704999999999999738e-01 1.000000000000000000e+00
4.747000000000000108e-01 1.000000000000000000e+00
4.789999999999999813e-01 1.000000000000000000e+00
4.833000000000000074e-01 1.000000000000000000e+00
4.877000000000000224e-01 1.000000000000000000e+00
4.920999999999999819e-01 1.000000000000000000e+00
4.964999999999999969e-01 1.000000000000000000e+00
5.010000000000000009e-01 1.000000000000000000e+00
5.054999999999999494e-01 1.000000000000000000e+00
5.100999999999999979e-01 1.000000000000000000e+00
5.147000000000000464e-01 1.000000000000000000e+00
5.192999999999999838e-01 1.000000000000000000e+00
5.240000000000000213e-01 1.000000000000000000e+00
5.286999999999999478e-01 1.000000000000000000e+00
5.334999999999999742e-01 1.000000000000000000e+00
5.383000000000000007e-01 1.000000000000000000e+00
5.431000000000000272e-01 1.000000000000000000e+00
5.480000000000000426e-01 1.000000000000000000e+00
5.530000000000000471e-01 1.000000000000000000e+00
5.580000000000000515e-01 1.000000000000000000e+00
5.629999999999999449e-01 1.000000000000000000e+00
5.681000000000000494e-01 1.000000000000000000e+00
5.732000000000000428e-01 1.000000000000000000e+00
5.784000000000000252e-01 1.000000000000000000e+00
5.836000000000000076e-01 1.000000000000000000e+00
5.887999999999999901e-01 1.000000000000000000e+00
5.941999999999999504e-01 1.000000000000000000e+00
5.995000000000000329e-01 1.000000000000000000e+00
6.048999999999999932e-01 1.000000000000000000e+00
6.104000000000000536e-01 1.000000000000000000e+00
6.159000000000000030e-01 1.000000000000000000e+00
6.213999999999999524e-01 1.000000000000000000e+00
6.270000000000000018e-01 1.000000000000000000e+00
6.327000000000000401e-01 1.000000000000000000e+00
6.383999999999999675e-01 1.000000000000000000e+00
6.441000000000000059e-01 1.000000000000000000e+00
6.500000000000000222e-01 1.000000000000000000e+00
6.558000000000000496e-01 1.000000000000000000e+00
6.616999999999999549e-01 1.000000000000000000e+00
6.676999999999999602e-01 1.000000000000000000e+00
6.736999999999999655e-01 1.000000000000000000e+00
6.797999999999999599e-01 1.000000000000000000e+00
6.858999999999999542e-01 1.000000000000000000e+00
6.921000000000000485e-01 1.000000000000000000e+00
6.983000000000000318e-01 1.000000000000000000e+00
7.046000000000000041e-01 1.000000000000000000e+00
7.109999999999999654e-01 1.000000000000000000e+00
7.174000000000000377e-01 1.000000000000000000e+00
7.238999999999999879e-01 1.000000000000000000e+00
7.304000000000000492e-01 1.000000000000000000e+00
7.369999999999999885e-01 1.000000000000000000e+00
7.436000000000000387e-01 1.000000000000000000e+00
7.502999999999999670e-01 1.000000000000000000e+00
7.570999999999999952e-01 1.000000000000000000e+00
7.639000000000000234e-01 1.000000000000000000e+00
7.708000000000000407e-01 1.000000000000000000e+00
7.778000000000000469e-01 1.000000000000000000e+00
7.848000000000000531e-01 1.000000000000000000e+00
7.919000000000000483e-01 1.000000000000000000e+00
7.990000000000000435e-01 1.000000000000000000e+00
8.062000000000000277e-01 1.000000000000000000e+00
8.135000000000000009e-01 1.000000000000000000e+00
8.207999999999999741e-01 1.000000000000000000e+00
8.282000000000000473e-01 1.000000000000000000e+00
8.356999999999999984e-01 1.000000000000000000e+00
8.431999999999999496e-01 1.000000000000000000e+00
8.508000000000000007e-01 1.000000000000000000e+00
8.585000000000000409e-01 1.000000000000000000e+00
8.661999999999999700e-01 1.000000000000000000e+00
8.739999999999999991e-01 1.000000000000000000e+00
8.819000000000000172e-01 1.000000000000000000e+00
8.899000000000000243e-01 1.000000000000000000e+00
8.979000000000000314e-01 1.000000000000000000e+00
9.060000000000000275e-01 1.000000000000000000e+00
9.142000000000000126e-01 1.000000000000000000e+00
9.223999999999999977e-01 1.000000000000000000e+00
9.306999999999999718e-01 1.000000000000000000e+00
9.391000000000000458e-01 1.000000000000000000e+00
9.475999999999999979e-01 1.000000000000000000e+00
9.560999999999999499e-01 1.000000000000000000e+00
9.647000000000000020e-01 1.000000000000000000e+00
9.734000000000000430e-01 1.000000000000000000e+00
9.821999999999999620e-01 1.000000000000000000e+00
9.910999999999999810e-01 1.000000000000000000e+00
1.000000000000000000e+00 1.000000000000000000e+00
