6.531908413400469904e+00 6.541755125781902436e+00 6.541480078412763355e+00 2.574789524078369141e-01 6.527720687439576785e+00 6.545522488459956989e+00 6.562741222084792270e+00 7.254741787910461426e+01
6.563099566496898518e+00 6.546302060057210603e+00 6.522496022901820290e+00 2.113189697265625000e-01 6.548598346750369004e+00 6.547200255931870494e+00 6.543125896381474682e+00 6.054511380195617676e+01
6.552796214478353143e+00 6.551804423948830447e+00 6.547862989252800858e+00 2.315759658813476562e-01 6.559994004183164584e+00 6.543183216393419599e+00 6.555582200335614118e+00 6.071283006668090820e+01
6.547260126125406643e+00 6.560838147247288532e+00 6.527486984952747484e+00 2.254841327667236328e-01 6.529320665100266652e+00 6.559176223351319557e+00 6.539965339857560345e+00 6.392562198638916016e+01
6.554811328042863039e+00 6.521840181891076504e+00 6.560491467076679406e+00 2.321219444274902344e-01 6.538065497478382504e+00 6.553062341789477330e+00 6.530588616336111762e+00 5.920838999748229980e+01
6.561211612932020820e+00 6.525879928623181669e+00 6.533537706554265689e+00 2.511119842529296875e-01 6.532334982931612188e+00 6.553566695939593956e+00 6.559603075395386895e+00 5.950288796424865723e+01
6.524897865870926239e+00 6.554035874661184202e+00 6.572919656545970213e+00 2.301919460296630859e-01 6.546815022109147897e+00 6.569482854418867923e+00 6.536608244112867894e+00 7.064295411109924316e+01
6.535312067455583573e+00 6.543529268654222797e+00 6.509646839495768944e+00 2.141618728637695312e-01 6.557346391960245491e+00 6.544151123594390107e+00 6.561505113478158790e+00 6.295854902267456055e+01
6.524044892911921245e+00 6.548733043584014091e+00 6.558329922837890180e+00 2.179069519042968750e-01 6.559866633389568769e+00 6.550722123790426288e+00 6.543689883354054437e+00 6.085877490043640137e+01
6.536260020521752701e+00 6.547831541401755828e+00 6.533859325788807126e+00 2.237100601196289062e-01 6.564576833605851647e+00 6.559215568838387078e+00 6.550976615605954123e+00 6.055228400230407715e+01
6.549725104430409672e+00 6.499457490292973816e+00 6.527988703271320858e+00 2.267448902130126953e-01 6.554996406303257750e+00 6.535620617333450788e+00 6.556881773397987168e+00 6.042592597007751465e+01
6.541222639362852753e+00 6.546564193616031702e+00 6.532295222108428945e+00 2.229239940643310547e-01 6.532308650597001609e+00 6.537414616320518235e+00 6.558419847951356907e+00 6.091754198074340820e+01
6.548402061942406149e+00 6.562566714730868611e+00 6.538605418783624224e+00 2.167379856109619141e-01 6.534474107498892792e+00 6.554072235851867489e+00 6.541669933547906268e+00 5.974117612838745117e+01
6.547535710126032527e+00 6.543275236718522514e+00 6.549074560259719568e+00 2.203059196472167969e-01 6.558705663060183433e+00 6.539809421085526431e+00 6.568893831781987380e+00 7.080185508728027344e+01
6.543437991085618854e+00 6.541960725469617266e+00 6.548349150567721821e+00 2.131760120391845703e-01 6.527483504214615984e+00 6.547156886809633036e+00 6.528172127586216789e+00 6.472882485389709473e+01
6.551576705084602104e+00 6.546237426452404584e+00 6.533526153325107444e+00 2.157459259033203125e-01 6.559808900426801870e+00 6.530092044687708430e+00 6.537314508115836809e+00 7.013492178916931152e+01
6.545496267542636915e+00 6.560145641176984732e+00 6.545800031431556754e+00 2.177689075469970703e-01 6.532059895369742186e+00 6.538412541310340664e+00 6.567413609345974734e+00 6.997326207160949707e+01
6.514672981510786443e+00 6.523317657946094528e+00 6.564540017178499554e+00 3.012630939483642578e-01 6.551595855993228135e+00 6.542834743415375520e+00 6.546804530338522277e+00 5.920868301391601562e+01
6.543563368146744885e+00 6.547207814843005735e+00 6.555851795960827566e+00 2.082800865173339844e-01 6.520652884331893162e+00 6.517732830801909572e+00 6.569986500050263523e+00 6.846415090560913086e+01
6.581538642243360826e+00 6.534953464889805552e+00 6.534496269790005307e+00 2.188749313354492188e-01 6.517588279257497064e+00 6.513582542737456293e+00 6.554980668327310411e+00 7.175223398208618164e+01
