6.729095459568243065e+00 6.606474272706365447e+00 6.643449724527743960e+00 5.949974060058593750e-03 6.637814997966340336e+00 6.713687277015808696e+00 6.577353198589585226e+00 5.292370319366455078e-01
6.491886965507685403e+00 6.643649189841072555e+00 6.721256542902720454e+00 4.533052444458007812e-03 6.427404009034808574e+00 6.542186807273926874e+00 6.680070828226457813e+00 5.869429111480712891e-01
6.645938859631431939e+00 6.467614687900089976e+00 6.734000927951281135e+00 4.482030868530273438e-03 6.624305384025459986e+00 6.378814886719278654e+00 6.730200071172705911e+00 5.482962131500244141e-01
6.736899399301690572e+00 6.388869385547153890e+00 6.600306459812653515e+00 4.395008087158203125e-03 6.497455157691011784e+00 6.499395112496693550e+00 6.627651297528923457e+00 5.733509063720703125e-01
6.495743066601886717e+00 6.630309574969040831e+00 6.685685663306907500e+00 4.616022109985351562e-03 6.376869694578795489e+00 6.685589574806889424e+00 6.646404384403371779e+00 5.997099876403808594e-01
6.549359987807576111e+00 6.554375130001219851e+00 6.769587919723760727e+00 4.358053207397460938e-03 6.296555252934853186e+00 6.514124514883427253e+00 6.506192062704631240e+00 5.490691661834716797e-01
6.403533372831347492e+00 6.636624931785554793e+00 6.828348863634169597e+00 4.410982131958007812e-03 6.395436235439995620e+00 6.824268386560598643e+00 6.473955887364243544e+00 5.411071777343750000e-01
6.506160155801790523e+00 6.461567216986580320e+00 6.366085277687043131e+00 4.112958908081054688e-03 6.372474440493948400e+00 6.694891306492293026e+00 6.601566645925976751e+00 5.372769832611083984e-01
6.606701229940258102e+00 6.354638793982527289e+00 6.380796880328831300e+00 4.450082778930664062e-03 6.491121576388814596e+00 6.662951116189006484e+00 6.380748663543489130e+00 5.650010108947753906e-01
6.609524443540576222e+00 6.604573455531864035e+00 6.514488124005996639e+00 4.611968994140625000e-03 6.574763995519896653e+00 6.427826733079383459e+00 6.502670687190684085e+00 5.651800632476806641e-01
6.489752449980611182e+00 6.801028140678383238e+00 6.617450054718573504e+00 4.545927047729492188e-03 6.606590979631870475e+00 6.668006099597522329e+00 6.454827359655824992e+00 5.875260829925537109e-01
6.542394347251089926e+00 6.463473833294491655e+00 6.714477677681252921e+00 4.751920700073242188e-03 6.569254484647824022e+00 6.324239284809651807e+00 6.365598511911497503e+00 6.200931072235107422e-01
6.718340901869344961e+00 6.375905105773244763e+00 6.783467377485915328e+00 4.378080368041992188e-03 6.356553500483606456e+00 6.240594074950338133e+00 6.686596211131742962e+00 5.523920059204101562e-01
6.674143436950015662e+00 6.289392758034885844e+00 6.612943652696644747e+00 4.681110382080078125e-03 6.373535833969472542e+00 6.721579898843131673e+00 6.376088144276153891e+00 6.754581928253173828e-01
6.547622538363524036e+00 6.518476781172081402e+00 6.410249520275737467e+00 4.394054412841796875e-03 6.548964075436990662e+00 6.539194360323931754e+00 6.495498956821609937e+00 5.826630592346191406e-01
6.502963820810535367e+00 6.524594382843348583e+00 6.401155536519897993e+00 4.862070083618164062e-03 6.374853198186374748e+00 6.470475366615601409e+00 6.676622718452161820e+00 6.236670017242431641e-01
6.463836882757327373e+00 6.784520422042259469e+00 6.409918648044748757e+00 6.346940994262695312e-03 6.737865753009980807e+00 6.594399505648562254e+00 6.368210237065560442e+00 5.621688365936279297e-01
6.513777844710734399e+00 6.535069711786688273e+00 6.429453322492668654e+00 4.555940628051757812e-03 6.433868595180745942e+00 6.312985964223460478e+00 6.512288165826394248e+00 6.040430068969726562e-01
6.360621610806018289e+00 6.540101258062830603e+00 6.567332360030557759e+00 4.262208938598632812e-03 6.639650048050504516e+00 6.592339265561382611e+00 6.572445784841921324e+00 5.924029350280761719e-01
6.440557371998966829e+00 6.629858660247827551e+00 6.748096984677254717e+00 4.953145980834960938e-03 6.599446609981453271e+00 6.508474962263813168e+00 6.730081100090433921e+00 5.546760559082031250e-01
