6.545214704668910422e+00 6.553541582851375225e+00 6.548694451269743588e+00 2.455596923828125000e+00 6.547625021150341063e+00 6.536223253825326651e+00 6.543562123490750615e+00 6.424464020729064941e+02
6.543265661772142749e+00 6.538290838421982443e+00 6.548380491581220930e+00 2.318397998809814453e+00 6.544004610463974636e+00 6.539021337629359998e+00 6.541285165883525821e+00 6.070083200931549072e+02
6.549746697787011129e+00 6.541917557662555893e+00 6.531982891595595753e+00 2.361663103103637695e+00 6.543716461945540352e+00 6.544827783138149613e+00 6.543586581752903975e+00 6.047077240943908691e+02
6.544712926342815429e+00 6.545070467435383677e+00 6.543254982634488570e+00 3.138016939163208008e+00 6.544858043125294955e+00 6.543988314199510548e+00 6.534762151236371608e+00 6.211504509449005127e+02
6.539789221204547864e+00 6.544191141477051943e+00 6.545974716695980078e+00 2.357815980911254883e+00 6.545327614406238226e+00 6.544087012609544729e+00 6.548352915540720076e+00 8.124796140193939209e+02
6.549211150391120562e+00 6.535637894782516888e+00 6.547531682982336676e+00 2.399240970611572266e+00 6.551663491697738984e+00 6.539927576875863124e+00 6.547560605636201458e+00 6.093842258453369141e+02
6.546741848852949630e+00 6.542192595677721378e+00 6.538474192479456271e+00 2.317403078079223633e+00 6.547081231172040994e+00 6.547405713896767843e+00 6.535222691334382716e+00 6.320854048728942871e+02
6.542308253001792195e+00 6.541709652023894428e+00 6.542674068578492097e+00 2.446933031082153320e+00 6.542789244937917026e+00 6.538549821870850209e+00 6.541550179736646875e+00 7.110365629196166992e+02
6.544358574727713318e+00 6.539820860832351812e+00 6.544671774380032225e+00 2.291900873184204102e+00 6.544840123801426657e+00 6.541723105566347840e+00 6.547410557404167442e+00 7.332833740711212158e+02
6.539454433106967279e+00 6.548395018348401209e+00 6.546509633378751580e+00 2.357834815979003906e+00 6.543173210456383337e+00 6.538604463435216729e+00 6.546499714670905412e+00 6.444966578483581543e+02
6.545703241282000207e+00 6.543312626283939615e+00 6.552998833893316721e+00 2.320766925811767578e+00 6.543015156553693146e+00 6.544301340469840689e+00 6.543779250842476358e+00 6.749921610355377197e+02
6.544090905835477479e+00 6.543714581500548633e+00 6.548537346478006782e+00 2.740017175674438477e+00 6.544424883653600311e+00 6.542808821652211115e+00 6.546864761964791057e+00 6.215055849552154541e+02
6.539573752213447833e+00 6.546846669408940222e+00 6.546873650323088434e+00 2.608832120895385742e+00 6.542185249308542616e+00 6.542559705464372044e+00 6.542386898922690541e+00 6.239896178245544434e+02
6.551403192499702932e+00 6.542366174282173930e+00 6.542058453521864436e+00 2.675835132598876953e+00 6.542899516335541676e+00 6.540084297399679336e+00 6.543419359751094788e+00 6.379094250202178955e+02
6.540229603593424201e+00 6.544586283651283587e+00 6.542252177978427952e+00 3.037544965744018555e+00 6.546000389260800745e+00 6.543974387647400803e+00 6.533286518844179547e+00 6.919767549037933350e+02
6.545114913936542322e+00 6.539691408246170568e+00 6.541510126196799391e+00 2.333331823348999023e+00 6.540512849317963173e+00 6.541635454564738161e+00 6.539330008818312834e+00 6.729179449081420898e+02
6.548485191552887663e+00 6.542594843156075868e+00 6.547442184617779048e+00 2.924654960632324219e+00 6.543682820696633762e+00 6.535937008228746237e+00 6.541710540375248684e+00 6.693717970848083496e+02
6.540488398063006414e+00 6.547743486375285471e+00 6.549074770291163361e+00 2.297052860260009766e+00 6.541791877982655379e+00 6.550239617812154691e+00 6.530707079852907881e+00 7.449332480430603027e+02
6.542423547667833184e+00 6.544558224472628361e+00 6.541029775939924740e+00 2.741008996963500977e+00 6.542699370242019974e+00 6.538509194130349478e+00 6.544971812875565398e+00 6.659462721347808838e+02
6.541146768738816064e+00 6.543868494526452473e+00 6.541547894594662793e+00 2.655761957168579102e+00 6.531720762267545943e+00 6.548483235639047884e+00 6.546335519630605226e+00 6.302244691848754883e+02
