6.574685457166251190e+00 4.935979843139648438e-03 6.552802585216936038e+00 5.687158107757568359e-01
6.683868521058927037e+00 5.195856094360351562e-03 6.454676579881391874e+00 6.237080097198486328e-01
6.505745954263981723e+00 4.410982131958007812e-03 6.417540924602113783e+00 6.819839477539062500e-01
6.412650353233785516e+00 4.112958908081054688e-03 6.471684165196495364e+00 5.983109474182128906e-01
6.292172940386110191e+00 4.210233688354492188e-03 6.707093583202587084e+00 5.333950519561767578e-01
6.400206749624707037e+00 4.290103912353515625e-03 6.567203956285371014e+00 5.583989620208740234e-01
6.867078994074873322e+00 4.578113555908203125e-03 6.543378304836944714e+00 6.217601299285888672e-01
6.583935502461422118e+00 5.507946014404296875e-03 6.560075883003332109e+00 6.423780918121337891e-01
6.556762528253385902e+00 4.132986068725585938e-03 6.332060852069914425e+00 5.710690021514892578e-01
6.726214408297479963e+00 7.645130157470703125e-03 6.395352622739716608e+00 6.413488388061523438e-01
