6.507363341890233244e+00 6.484882699468618839e+00 6.577511728189209705e+00 2.551317214965820312e-02 6.607226324429123387e+00 6.521447010930235599e+00 6.556568567092512012e+00 5.875967025756835938e+00
6.584323400846226804e+00 6.535766673788491410e+00 6.568399887636338974e+00 5.104207992553710938e-02 6.462637345602856520e+00 6.533973036020835679e+00 6.553794339289316540e+00 5.706624984741210938e+00
6.585193914875855370e+00 6.584008507481319938e+00 6.473587426325659422e+00 2.149796485900878906e-02 6.596949785883272632e+00 6.412838607893670329e+00 6.603754462641627576e+00 6.133961915969848633e+00
6.640215146891861764e+00 6.491958796720370017e+00 6.538717420046354256e+00 2.350187301635742188e-02 6.589075416460887347e+00 6.546049806663089221e+00 6.512533677832113455e+00 5.698724031448364258e+00
6.507835677057840940e+00 6.553111172026499176e+00 6.539075936821769020e+00 2.231216430664062500e-02 6.557235006248517628e+00 6.533890610874979465e+00 6.467762924820210202e+00 6.080364942550659180e+00
6.575841797528515720e+00 6.515212838512328020e+00 6.516999206930257138e+00 2.254915237426757812e-02 6.516135829912581556e+00 6.481298754835912668e+00 6.525273025105561508e+00 6.214814901351928711e+00
6.621267809638774260e+00 6.483544849473634741e+00 6.507042244576211054e+00 2.242493629455566406e-02 6.603505045656540062e+00 6.514887326868435302e+00 6.458271759207430129e+00 6.654567956924438477e+00
6.552166449844890828e+00 6.525996283192532665e+00 6.498717973296200157e+00 2.461194992065429688e-02 6.617126789226715822e+00 6.531729930233033166e+00 6.585978392752338095e+00 5.846381187438964844e+00
6.538425082833324353e+00 6.521508289374102318e+00 6.534347134242074695e+00 2.005696296691894531e-02 6.491078654492817179e+00 6.541962057378743367e+00 6.522485288710400120e+00 5.558351993560791016e+00
6.623324544370569278e+00 6.512106894626486842e+00 6.535836798332885778e+00 2.155709266662597656e-02 6.481729682847488405e+00 6.547026605902881435e+00 6.510778598990823340e+00 5.943037033081054688e+00
6.539210174407448228e+00 6.526126756803490636e+00 6.533289642039178169e+00 2.166581153869628906e-02 6.543907145304548756e+00 6.525553369550055827e+00 6.588753425213211834e+00 5.958697080612182617e+00
6.528553812928885591e+00 6.462514599202355825e+00 6.575145836846650660e+00 2.194809913635253906e-02 6.528033482510709362e+00 6.588969697332228037e+00 6.554808616293096080e+00 5.782014846801757812e+00
6.623005009601650173e+00 6.618930539660036416e+00 6.551420501712400757e+00 2.053093910217285156e-02 6.540193145240483119e+00 6.533555257163564889e+00 6.489552499062345881e+00 7.020892858505249023e+00
6.634945439325424132e+00 6.457640793131371737e+00 6.623762324872529028e+00 2.599596977233886719e-02 6.588443429294094322e+00 6.525058393303959647e+00 6.517972183568089051e+00 5.927853107452392578e+00
6.501126956419004621e+00 6.519356153138722298e+00 6.662921599568978337e+00 2.295613288879394531e-02 6.505260702846564769e+00 6.547241345921860578e+00 6.566020011971029469e+00 7.065327167510986328e+00
6.624025910422687069e+00 6.617049718732836538e+00 6.543816538711136666e+00 3.187513351440429688e-02 6.560882023375174121e+00 6.531581036496456605e+00 6.538539354788920122e+00 6.634128093719482422e+00
6.522014138090781010e+00 6.531387320925883699e+00 6.570233421283339759e+00 2.195882797241210938e-02 6.553337696918757338e+00 6.550159144927810928e+00 6.514435273432017226e+00 1.368512797355651855e+01
6.550242914695619589e+00 6.582901090283924006e+00 6.552803859666889608e+00 2.488398551940917969e-02 6.513545141713963815e+00 6.596191025747600634e+00 6.536749465727154096e+00 6.008839845657348633e+00
6.535906707723566633e+00 6.466964926410195602e+00 6.549670021854296920e+00 2.182698249816894531e-02 6.625942529427784500e+00 6.479107610585105093e+00 6.532573492461074771e+00 6.723308086395263672e+00
6.579600286606114068e+00 6.612582982220209793e+00 6.568193569115023500e+00 2.446484565734863281e-02 6.583824140035686057e+00 6.474299228562326647e+00 6.574789764412157567e+00 6.309359073638916016e+00
