  0.3000E-05  0.1722E-17  0.1000E+01  0.5463E-01
  0.3110E-05  0.1897E-17  0.9911E+00  0.5463E-01
  0.3224E-05  0.2089E-17  0.9822E+00  0.5463E-01
  0.3343E-05  0.2302E-17  0.9734E+00  0.5463E-01
  0.3465E-05  0.2537E-17  0.9647E+00  0.5463E-01
  0.3593E-05  0.2797E-17  0.9561E+00  0.5463E-01
  0.3724E-05  0.3084E-17  0.9476E+00  0.5463E-01
  0.3861E-05  0.3400E-17  0.9391E+00  0.5463E-01
  0.4003E-05  0.3750E-17  0.9307E+00  0.5463E-01
  0.4150E-05  0.4135E-17  0.9224E+00  0.5463E-01
  0.4302E-05  0.4562E-17  0.9142E+00  0.5463E-01
  0.4460E-05  0.5032E-17  0.9060E+00  0.5463E-01
  0.4624E-05  0.5552E-17  0.8979E+00  0.5463E-01
  0.4793E-05  0.6126E-17  0.8899E+00  0.5463E-01
  0.4969E-05  0.6759E-17  0.8819E+00  0.5463E-01
  0.5152E-05  0.7459E-17  0.8740E+00  0.5463E-01
  0.5341E-05  0.8232E-17  0.8662E+00  0.5463E-01
  0.5537E-05  0.9085E-17  0.8585E+00  0.5463E-01
  0.5740E-05  0.1003E-16  0.8508E+00  0.5463E-01
  0.5951E-05  0.1107E-16  0.8432E+00  0.5463E-01
  0.6169E-05  0.1222E-16  0.8357E+00  0.5463E-01
  0.6396E-05  0.1348E-16  0.8282E+00  0.5463E-01
  0.6630E-05  0.1489E-16  0.8208E+00  0.5463E-01
  0.6874E-05  0.1643E-16  0.8135E+00  0.5463E-01
  0.7126E-05  0.1814E-16  0.8062E+00  0.5463E-01
  0.7388E-05  0.2003E-16  0.7990E+00  0.5463E-01
  0.7659E-05  0.2211E-16  0.7919E+00  0.5463E-01
  0.7940E-05  0.2441E-16  0.7848E+00  0.5463E-01
  0.8231E-05  0.2695E-16  0.7778E+00  0.5463E-01
  0.8534E-05  0.2975E-16  0.7708E+00  0.5463E-01
  0.8847E-05  0.3285E-16  0.7639E+00  0.5463E-01
  0.9172E-05  0.3627E-16  0.7571E+00  0.5463E-01
  0.9508E-05  0.4005E-16  0.7503E+00  0.5463E-01
  0.9857E-05  0.4422E-16  0.7436E+00  0.5463E-01
  0.1022E-04  0.4882E-16  0.7370E+00  0.5463E-01
  0.1059E-04  0.5391E-16  0.7304E+00  0.5463E-01
  0.1098E-04  0.5952E-16  0.7239E+00  0.5463E-01
  0.1139E-04  0.6572E-16  0.7174E+00  0.5463E-01
  0.1180E-04  0.7257E-16  0.7110E+00  0.5463E-01
  0.1224E-04  0.8013E-16  0.7046E+00  0.5463E-01
  0.1269E-04  0.8848E-16  0.6983E+00  0.5463E-01
  0.1315E-04  0.9770E-16  0.6921E+00  0.5463E-01
  0.1364E-04  0.1079E-15  0.6859E+00  0.5463E-01
  0.1414E-04  0.1191E-15  0.6798E+00  0.5463E-01
  0.1465E-04  0.1315E-15  0.6737E+00  0.5463E-01
  0.1519E-04  0.1452E-15  0.6677E+00  0.5463E-01
  0.1575E-04  0.1604E-15  0.6617E+00  0.5463E-01
  0.1633E-04  0.1771E-15  0.6558E+00  0.5463E-01
  0.1693E-04  0.1956E-15  0.6500E+00  0.5463E-01
  0.1755E-04  0.2159E-15  0.6441E+00  0.5463E-01
  0.1819E-04  0.2384E-15  0.6384E+00  0.5463E-01
  0.1886E-04  0.2633E-15  0.6327E+00  0.5463E-01
  0.1955E-04  0.2907E-15  0.6270E+00  0.5463E-01
  0.2027E-04  0.3210E-15  0.6214E+00  0.5463E-01
  0.2101E-04  0.3545E-15  0.6159E+00  0.5463E-01
  0.2179E-04  0.3915E-15  0.6104E+00  0.5463E-01
  0.2259E-04  0.4323E-15  0.6049E+00  0.5463E-01
  0.2341E-04  0.4773E-15  0.5995E+00  0.5463E-01
  0.2427E-04  0.5271E-15  0.5942E+00  0.5463E-01
  0.2517E-04  0.5820E-15  0.5888E+00  0.5463E-01
  0.2609E-04  0.6427E-15  0.5836E+00  0.5463E-01
  0.2705E-04  0.7097E-15  0.5784E+00  0.5463E-01
  0.2804E-04  0.7837E-15  0.5732E+00  0.5463E-01
  0.2907E-04  0.8654E-15  0.5681E+00  0.5463E-01
  0.3014E-04  0.9556E-15  0.5630E+00  0.5463E-01
  0.3124E-04  0.1055E-14  0.5580E+00  0.5463E-01
  0.3239E-04  0.1165E-14  0.5530E+00  0.5463E-01
  0.3358E-04  0.1287E-14  0.5480E+00  0.5463E-01
  0.3481E-04  0.1421E-14  0.5431E+00  0.5463E-01
  0.3609E-04  0.1569E-14  0.5383E+00  0.5463E-01
  0.3741E-04  0.1733E-14  0.5335E+00  0.5463E-01
  0.3879E-04  0.1913E-14  0.5287E+00  0.5463E-01
  0.4021E-04  0.2113E-14  0.5240E+00  0.5463E-01
  0.4168E-04  0.2333E-14  0.5193E+00  0.5463E-01
  0.4321E-04  0.2576E-14  0.5147E+00  0.5463E-01
  0.4480E-04  0.2845E-14  0.5101E+00  0.5463E-01
  0.4645E-04  0.3141E-14  0.5055E+00  0.5463E-01
  0.4815E-04  0.3469E-14  0.5010E+00  0.5463E-01
  0.4992E-04  0.3830E-14  0.4965E+00  0.5463E-01
  0.5175E-04  0.4229E-14  0.4921E+00  0.5463E-01
  0.5365E-04  0.4670E-14  0.4877E+00  0.5463E-01
  0.5562E-04  0.5157E-14  0.4833E+00  0.5463E-01
  0.5766E-04  0.5695E-14  0.4790E+00  0.5463E-01
  0.5978E-04  0.6289E-14  0.4747E+00  0.5463E-01
  0.6197E-04  0.6944E-14  0.4705E+00  0.5463E-01
  0.6425E-04  0.7668E-14  0.4663E+00  0.5463E-01
  0.6660E-04  0.8468E-14  0.4621E+00  0.5463E-01
  0.6905E-04  0.9350E-14  0.4580E+00  0.5463E-01
  0.7158E-04  0.1033E-13  0.4539E+00  0.5463E-01
  0.7421E-04  0.1140E-13  0.4498E+00  0.5463E-01
  0.7693E-04  0.1259E-13  0.4458E+00  0.5463E-01
  0.7976E-04  0.1390E-13  0.4418E+00  0.5463E-01
  0.8269E-04  0.1535E-13  0.4379E+00  0.5463E-01
  0.8572E-04  0.1695E-13  0.4340E+00  0.5463E-01
  0.8887E-04  0.1872E-13  0.4301E+00  0.5463E-01
  0.9213E-04  0.2067E-13  0.4263E+00  0.5463E-01
  0.9551E-04  0.2283E-13  0.4224E+00  0.5463E-01
  0.9902E-04  0.2521E-13  0.4187E+00  0.5463E-01
  0.1027E-03  0.2783E-13  0.4149E+00  0.5463E-01
  0.1064E-03  0.3074E-13  0.4112E+00  0.5463E-01
  0.1103E-03  0.3394E-13  0.4075E+00  0.5463E-01
  0.1144E-03  0.3748E-13  0.4039E+00  0.5463E-01
  0.1186E-03  0.4139E-13  0.4003E+00  0.5463E-01
  0.1229E-03  0.4570E-13  0.3967E+00  0.5463E-01
  0.1274E-03  0.5047E-13  0.3932E+00  0.5463E-01
  0.1321E-03  0.5573E-13  0.3897E+00  0.5463E-01
  0.1370E-03  0.6154E-13  0.3862E+00  0.5463E-01
  0.1420E-03  0.6795E-13  0.3827E+00  0.5463E-01
  0.1472E-03  0.7504E-13  0.3793E+00  0.5463E-01
  0.1526E-03  0.8286E-13  0.3759E+00  0.5463E-01
  0.1582E-03  0.9150E-13  0.3726E+00  0.5463E-01
  0.1640E-03  0.1010E-12  0.3692E+00  0.5463E-01
  0.1700E-03  0.1116E-12  0.3659E+00  0.5463E-01
  0.1763E-03  0.1232E-12  0.3627E+00  0.5463E-01
  0.1827E-03  0.1360E-12  0.3594E+00  0.5463E-01
  0.1895E-03  0.1502E-12  0.3562E+00  0.5463E-01
  0.1964E-03  0.1659E-12  0.3530E+00  0.5463E-01
  0.2036E-03  0.1832E-12  0.3499E+00  0.5463E-01
  0.2111E-03  0.2023E-12  0.3467E+00  0.5463E-01
  0.2188E-03  0.2234E-12  0.3436E+00  0.5463E-01
  0.2269E-03  0.2467E-12  0.3406E+00  0.5463E-01
  0.2352E-03  0.2724E-12  0.3375E+00  0.5463E-01
  0.2438E-03  0.3008E-12  0.3345E+00  0.5463E-01
  0.2528E-03  0.3321E-12  0.3315E+00  0.5463E-01
  0.2621E-03  0.3667E-12  0.3286E+00  0.5463E-01
  0.2717E-03  0.4050E-12  0.3256E+00  0.5463E-01
  0.2817E-03  0.4472E-12  0.3227E+00  0.5463E-01
  0.2920E-03  0.4938E-12  0.3198E+00  0.5463E-01
  0.3027E-03  0.5453E-12  0.3170E+00  0.5463E-01
  0.3138E-03  0.6022E-12  0.3141E+00  0.5463E-01
  0.3253E-03  0.6649E-12  0.3113E+00  0.5463E-01
  0.3373E-03  0.7342E-12  0.3085E+00  0.5463E-01
  0.3497E-03  0.8108E-12  0.3058E+00  0.5463E-01
  0.3625E-03  0.8953E-12  0.3031E+00  0.5463E-01
  0.3758E-03  0.9887E-12  0.3004E+00  0.5463E-01
  0.3896E-03  0.1092E-11  0.2977E+00  0.5463E-01
  0.4039E-03  0.1206E-11  0.2950E+00  0.5463E-01
  0.4187E-03  0.1331E-11  0.2924E+00  0.5463E-01
  0.4341E-03  0.1470E-11  0.2898E+00  0.5463E-01
  0.4500E-03  0.1623E-11  0.2872E+00  0.5463E-01
  0.4666E-03  0.1792E-11  0.2846E+00  0.5463E-01
  0.4837E-03  0.1979E-11  0.2821E+00  0.5463E-01
  0.5014E-03  0.2186E-11  0.2795E+00  0.5463E-01
  0.5198E-03  0.2414E-11  0.2770E+00  0.5463E-01
  0.5389E-03  0.2665E-11  0.2746E+00  0.5463E-01
  0.5587E-03  0.2943E-11  0.2721E+00  0.5463E-01
  0.5792E-03  0.3250E-11  0.2697E+00  0.5463E-01
  0.6005E-03  0.3589E-11  0.2673E+00  0.5463E-01
  0.6225E-03  0.3963E-11  0.2649E+00  0.5463E-01
  0.6454E-03  0.4376E-11  0.2625E+00  0.5463E-01
  0.6690E-03  0.4832E-11  0.2602E+00  0.5463E-01
  0.6936E-03  0.5336E-11  0.2578E+00  0.5463E-01
  0.7191E-03  0.5892E-11  0.2555E+00  0.5463E-01
  0.7455E-03  0.6506E-11  0.2533E+00  0.5463E-01
  0.7728E-03  0.7185E-11  0.2510E+00  0.5463E-01
  0.8012E-03  0.7934E-11  0.2487E+00  0.5463E-01
  0.8306E-03  0.8761E-11  0.2465E+00  0.5463E-01
  0.8611E-03  0.9674E-11  0.2443E+00  0.5463E-01
  0.8927E-03  0.1068E-10  0.2421E+00  0.5463E-01
  0.9255E-03  0.1180E-10  0.2400E+00  0.5463E-01
  0.9594E-03  0.1303E-10  0.2378E+00  0.5463E-01
  0.9946E-03  0.1438E-10  0.2357E+00  0.5463E-01
  0.1031E-02  0.1588E-10  0.2336E+00  0.5463E-01
  0.1069E-02  0.1754E-10  0.2315E+00  0.5463E-01
  0.1108E-02  0.1937E-10  0.2294E+00  0.5463E-01
  0.1149E-02  0.2139E-10  0.2274E+00  0.5463E-01
  0.1191E-02  0.2362E-10  0.2254E+00  0.5463E-01
  0.1235E-02  0.2608E-10  0.2233E+00  0.5463E-01
  0.1280E-02  0.2880E-10  0.2213E+00  0.5463E-01
  0.1327E-02  0.3180E-10  0.2194E+00  0.5463E-01
  0.1376E-02  0.3511E-10  0.2174E+00  0.5463E-01
  0.1426E-02  0.3878E-10  0.2155E+00  0.5463E-01
  0.1479E-02  0.4282E-10  0.2135E+00  0.5463E-01
  0.1533E-02  0.4728E-10  0.2116E+00  0.5463E-01
  0.1589E-02  0.5221E-10  0.2097E+00  0.5463E-01
  0.1648E-02  0.5765E-10  0.2079E+00  0.5463E-01
  0.1708E-02  0.6366E-10  0.2060E+00  0.5463E-01
  0.1771E-02  0.7030E-10  0.2042E+00  0.5463E-01
  0.1836E-02  0.7763E-10  0.2023E+00  0.5463E-01
  0.1903E-02  0.8572E-10  0.2005E+00  0.5463E-01
  0.1973E-02  0.9466E-10  0.1987E+00  0.5463E-01
  0.2045E-02  0.1045E-09  0.1969E+00  0.5463E-01
  0.2120E-02  0.1154E-09  0.1952E+00  0.5463E-01
  0.2198E-02  0.1275E-09  0.1934E+00  0.5463E-01
  0.2279E-02  0.1407E-09  0.1917E+00  0.5463E-01
  0.2363E-02  0.1554E-09  0.1900E+00  0.5463E-01
  0.2449E-02  0.1716E-09  0.1883E+00  0.5463E-01
  0.2539E-02  0.1895E-09  0.1866E+00  0.5463E-01
  0.2633E-02  0.2093E-09  0.1849E+00  0.5463E-01
  0.2729E-02  0.2311E-09  0.1833E+00  0.5463E-01
  0.2829E-02  0.2552E-09  0.1816E+00  0.5463E-01
  0.2933E-02  0.2818E-09  0.1800E+00  0.5463E-01
  0.3041E-02  0.3111E-09  0.1784E+00  0.5463E-01
  0.3152E-02  0.3436E-09  0.1768E+00  0.5463E-01
  0.3268E-02  0.3794E-09  0.1752E+00  0.5463E-01
  0.3388E-02  0.4189E-09  0.1737E+00  0.5463E-01
  0.3512E-02  0.4626E-09  0.1721E+00  0.5463E-01
  0.3641E-02  0.5108E-09  0.1706E+00  0.5463E-01
  0.3775E-02  0.5641E-09  0.1690E+00  0.5463E-01
  0.3914E-02  0.6229E-09  0.1675E+00  0.5463E-01
  0.4057E-02  0.6878E-09  0.1660E+00  0.5463E-01
  0.4206E-02  0.7595E-09  0.1645E+00  0.5463E-01
  0.4361E-02  0.8386E-09  0.1631E+00  0.5463E-01
  0.4521E-02  0.9261E-09  0.1616E+00  0.5463E-01
  0.4687E-02  0.1023E-08  0.1602E+00  0.5463E-01
  0.4859E-02  0.1129E-08  0.1587E+00  0.5463E-01
  0.5037E-02  0.1247E-08  0.1573E+00  0.5463E-01
  0.5222E-02  0.1377E-08  0.1559E+00  0.5463E-01
  0.5414E-02  0.1520E-08  0.1545E+00  0.5463E-01
  0.5612E-02  0.1679E-08  0.1531E+00  0.5463E-01
  0.5818E-02  0.1854E-08  0.1517E+00  0.5463E-01
  0.6032E-02  0.2047E-08  0.1504E+00  0.5463E-01
  0.6253E-02  0.2260E-08  0.1490E+00  0.5463E-01
  0.6483E-02  0.2496E-08  0.1477E+00  0.5463E-01
  0.6721E-02  0.2756E-08  0.1464E+00  0.5463E-01
  0.6967E-02  0.3043E-08  0.1450E+00  0.5463E-01
  0.7223E-02  0.3360E-08  0.1437E+00  0.5463E-01
  0.7488E-02  0.3711E-08  0.1424E+00  0.5463E-01
  0.7763E-02  0.4097E-08  0.1412E+00  0.5463E-01
  0.8048E-02  0.4524E-08  0.1399E+00  0.5463E-01
  0.8343E-02  0.4996E-08  0.1386E+00  0.5463E-01
  0.8650E-02  0.5516E-08  0.1374E+00  0.5463E-01
  0.8967E-02  0.6091E-08  0.1362E+00  0.5463E-01
  0.9296E-02  0.6726E-08  0.1349E+00  0.5463E-01
  0.9638E-02  0.7427E-08  0.1337E+00  0.5463E-01
  0.9991E-02  0.8201E-08  0.1325E+00  0.5463E-01
  0.1036E-01  0.9055E-08  0.1313E+00  0.5463E-01
  0.1074E-01  0.9999E-08  0.1301E+00  0.5463E-01
  0.1113E-01  0.1104E-07  0.1290E+00  0.5463E-01
  0.1154E-01  0.1219E-07  0.1278E+00  0.5463E-01
  0.1196E-01  0.1346E-07  0.1266E+00  0.5463E-01
  0.1240E-01  0.1486E-07  0.1255E+00  0.5463E-01
  0.1286E-01  0.1641E-07  0.1244E+00  0.5463E-01
  0.1333E-01  0.1812E-07  0.1232E+00  0.5463E-01
  0.1382E-01  0.2001E-07  0.1221E+00  0.5463E-01
  0.1433E-01  0.2209E-07  0.1210E+00  0.5463E-01
  0.1485E-01  0.2439E-07  0.1199E+00  0.5463E-01
  0.1540E-01  0.2693E-07  0.1188E+00  0.5463E-01
  0.1596E-01  0.2974E-07  0.1177E+00  0.5463E-01
  0.1655E-01  0.3284E-07  0.1167E+00  0.5463E-01
  0.1716E-01  0.3626E-07  0.1156E+00  0.5463E-01
  0.1779E-01  0.4003E-07  0.1146E+00  0.5463E-01
  0.1844E-01  0.4420E-07  0.1135E+00  0.5463E-01
  0.1912E-01  0.4880E-07  0.1125E+00  0.5463E-01
  0.1982E-01  0.5388E-07  0.1115E+00  0.5463E-01
  0.2055E-01  0.5949E-07  0.1104E+00  0.5463E-01
  0.2130E-01  0.6568E-07  0.1094E+00  0.5463E-01
  0.2208E-01  0.7252E-07  0.1084E+00  0.5463E-01
  0.2289E-01  0.8007E-07  0.1074E+00  0.5463E-01
  0.2373E-01  0.8840E-07  0.1064E+00  0.5463E-01
  0.2460E-01  0.9760E-07  0.1055E+00  0.5463E-01
  0.2551E-01  0.1078E-06  0.1045E+00  0.5463E-01
  0.2644E-01  0.1190E-06  0.1035E+00  0.5463E-01
  0.2741E-01  0.1313E-06  0.1026E+00  0.5463E-01
  0.2842E-01  0.1450E-06  0.1016E+00  0.5463E-01
  0.2946E-01  0.1601E-06  0.1007E+00  0.5462E-01
  0.3055E-01  0.1767E-06  0.9974E-01  0.5462E-01
  0.3167E-01  0.1951E-06  0.9881E-01  0.5462E-01
  0.3283E-01  0.2154E-06  0.9789E-01  0.5462E-01
  0.3403E-01  0.2378E-06  0.9697E-01  0.5462E-01
  0.3528E-01  0.2625E-06  0.9607E-01  0.5462E-01
  0.3658E-01  0.2898E-06  0.9516E-01  0.5462E-01
  0.3792E-01  0.3199E-06  0.9427E-01  0.5462E-01
  0.3931E-01  0.3531E-06  0.9338E-01  0.5462E-01
  0.4076E-01  0.3898E-06  0.9249E-01  0.5462E-01
  0.4225E-01  0.4302E-06  0.9161E-01  0.5462E-01
  0.4380E-01  0.4749E-06  0.9074E-01  0.5462E-01
  0.4541E-01  0.5242E-06  0.8987E-01  0.5462E-01
  0.4708E-01  0.5786E-06  0.8901E-01  0.5461E-01
  0.4881E-01  0.6386E-06  0.8815E-01  0.5461E-01
  0.5060E-01  0.7048E-06  0.8730E-01  0.5461E-01
  0.5245E-01  0.7779E-06  0.8645E-01  0.5461E-01
  0.5438E-01  0.8586E-06  0.8561E-01  0.5461E-01
  0.5638E-01  0.9475E-06  0.8477E-01  0.5461E-01
  0.5845E-01  0.1046E-05  0.8394E-01  0.5461E-01
  0.6059E-01  0.1154E-05  0.8311E-01  0.5460E-01
  0.6281E-01  0.1273E-05  0.8228E-01  0.5460E-01
  0.6512E-01  0.1405E-05  0.8146E-01  0.5460E-01
  0.6751E-01  0.1551E-05  0.8065E-01  0.5460E-01
  0.6999E-01  0.1711E-05  0.7983E-01  0.5459E-01
  0.7256E-01  0.1888E-05  0.7902E-01  0.5459E-01
  0.7522E-01  0.2083E-05  0.7821E-01  0.5459E-01
  0.7798E-01  0.2298E-05  0.7741E-01  0.5459E-01
  0.8084E-01  0.2535E-05  0.7661E-01  0.5458E-01
  0.8381E-01  0.2797E-05  0.7581E-01  0.5458E-01
  0.8689E-01  0.3085E-05  0.7501E-01  0.5458E-01
  0.9008E-01  0.3403E-05  0.7422E-01  0.5457E-01
  0.9338E-01  0.3753E-05  0.7343E-01  0.5457E-01
  0.9681E-01  0.4139E-05  0.7264E-01  0.5456E-01
  0.1004E+00  0.4565E-05  0.7185E-01  0.5456E-01
  0.1040E+00  0.5034E-05  0.7106E-01  0.5455E-01
  0.1079E+00  0.5551E-05  0.7028E-01  0.5455E-01
  0.1118E+00  0.6121E-05  0.6949E-01  0.5454E-01
  0.1159E+00  0.6748E-05  0.6871E-01  0.5453E-01
  0.1202E+00  0.7440E-05  0.6792E-01  0.5453E-01
  0.1246E+00  0.8201E-05  0.6714E-01  0.5452E-01
  0.1292E+00  0.9040E-05  0.6636E-01  0.5451E-01
  0.1339E+00  0.9963E-05  0.6557E-01  0.5450E-01
  0.1388E+00  0.1098E-04  0.6479E-01  0.5450E-01
  0.1439E+00  0.1210E-04  0.6400E-01  0.5449E-01
  0.1492E+00  0.1333E-04  0.6322E-01  0.5448E-01
  0.1547E+00  0.1469E-04  0.6243E-01  0.5447E-01
  0.1604E+00  0.1618E-04  0.6164E-01  0.5445E-01
  0.1662E+00  0.1782E-04  0.6085E-01  0.5444E-01
  0.1724E+00  0.1962E-04  0.6005E-01  0.5443E-01
  0.1787E+00  0.2160E-04  0.5926E-01  0.5441E-01
  0.1852E+00  0.2378E-04  0.5846E-01  0.5440E-01
  0.1920E+00  0.2618E-04  0.5766E-01  0.5438E-01
  0.1991E+00  0.2881E-04  0.5685E-01  0.5437E-01
  0.2064E+00  0.3171E-04  0.5604E-01  0.5435E-01
  0.2140E+00  0.3488E-04  0.5523E-01  0.5433E-01
  0.2218E+00  0.3837E-04  0.5441E-01  0.5431E-01
  0.2300E+00  0.4220E-04  0.5359E-01  0.5429E-01
  0.2384E+00  0.4640E-04  0.5276E-01  0.5426E-01
  0.2472E+00  0.5100E-04  0.5193E-01  0.5424E-01
  0.2562E+00  0.5605E-04  0.5110E-01  0.5421E-01
  0.2656E+00  0.6159E-04  0.5025E-01  0.5418E-01
  0.2754E+00  0.6765E-04  0.4941E-01  0.5415E-01
  0.2855E+00  0.7429E-04  0.4855E-01  0.5412E-01
  0.2960E+00  0.8157E-04  0.4769E-01  0.5409E-01
  0.3068E+00  0.8952E-04  0.4682E-01  0.5405E-01
  0.3181E+00  0.9822E-04  0.4595E-01  0.5401E-01
  0.3298E+00  0.1077E-03  0.4507E-01  0.5397E-01
  0.3419E+00  0.1181E-03  0.4418E-01  0.5393E-01
  0.3544E+00  0.1295E-03  0.4329E-01  0.5388E-01
  0.3674E+00  0.1419E-03  0.4239E-01  0.5383E-01
  0.3809E+00  0.1554E-03  0.4148E-01  0.5378E-01
  0.3949E+00  0.1701E-03  0.4056E-01  0.5373E-01
  0.4094E+00  0.1861E-03  0.3964E-01  0.5367E-01
  0.4244E+00  0.2036E-03  0.3870E-01  0.5361E-01
  0.4400E+00  0.2226E-03  0.3777E-01  0.5354E-01
  0.4562E+00  0.2432E-03  0.3682E-01  0.5347E-01
  0.4729E+00  0.2656E-03  0.3587E-01  0.5340E-01
  0.4903E+00  0.2899E-03  0.3491E-01  0.5332E-01
  0.5083E+00  0.3162E-03  0.3394E-01  0.5324E-01
  0.5269E+00  0.3447E-03  0.3297E-01  0.5315E-01
  0.5463E+00  0.3756E-03  0.3199E-01  0.5306E-01
  0.5663E+00  0.4089E-03  0.3101E-01  0.5296E-01
  0.5871E+00  0.4449E-03  0.3002E-01  0.5286E-01
  0.6086E+00  0.4837E-03  0.2903E-01  0.5275E-01
  0.6310E+00  0.5254E-03  0.2804E-01  0.5263E-01
  0.6541E+00  0.5703E-03  0.2704E-01  0.5251E-01
  0.6782E+00  0.6186E-03  0.2604E-01  0.5239E-01
  0.7030E+00  0.6703E-03  0.2504E-01  0.5225E-01
  0.7289E+00  0.7256E-03  0.2404E-01  0.5211E-01
  0.7556E+00  0.7848E-03  0.2304E-01  0.5196E-01
  0.7833E+00  0.8479E-03  0.2205E-01  0.5181E-01
  0.8121E+00  0.9152E-03  0.2106E-01  0.5165E-01
  0.8419E+00  0.9867E-03  0.2008E-01  0.5148E-01
  0.8728E+00  0.1063E-02  0.1910E-01  0.5130E-01
  0.9048E+00  0.1143E-02  0.1813E-01  0.5111E-01
  0.9381E+00  0.1228E-02  0.1717E-01  0.5091E-01
  0.9725E+00  0.1317E-02  0.1623E-01  0.5070E-01
  0.1008E+01  0.1411E-02  0.1530E-01  0.5049E-01
  0.1045E+01  0.1510E-02  0.1438E-01  0.5026E-01
  0.1084E+01  0.1613E-02  0.1348E-01  0.5003E-01
  0.1123E+01  0.1721E-02  0.1261E-01  0.4979E-01
  0.1165E+01  0.1833E-02  0.1175E-01  0.4953E-01
  0.1207E+01  0.1949E-02  0.1091E-01  0.4927E-01
  0.1252E+01  0.2069E-02  0.1011E-01  0.4899E-01
  0.1298E+01  0.2192E-02  0.9324E-02  0.4871E-01
  0.1345E+01  0.2319E-02  0.8570E-02  0.4841E-01
  0.1395E+01  0.2449E-02  0.7847E-02  0.4810E-01
  0.1446E+01  0.2581E-02  0.7155E-02  0.4778E-01
  0.1499E+01  0.2714E-02  0.6496E-02  0.4745E-01
  0.1554E+01  0.2849E-02  0.5870E-02  0.4711E-01
  0.1611E+01  0.2985E-02  0.5280E-02  0.4676E-01
  0.1670E+01  0.3120E-02  0.4725E-02  0.4640E-01
  0.1731E+01  0.3255E-02  0.4205E-02  0.4603E-01
  0.1795E+01  0.3389E-02  0.3722E-02  0.4565E-01
  0.1861E+01  0.3520E-02  0.3275E-02  0.4526E-01
  0.1929E+01  0.3648E-02  0.2864E-02  0.4485E-01
  0.2000E+01  0.3772E-02  0.2488E-02  0.4444E-01
  0.2073E+01  0.3892E-02  0.2147E-02  0.4401E-01
  0.2149E+01  0.4007E-02  0.1839E-02  0.4358E-01
  0.2228E+01  0.4117E-02  0.1564E-02  0.4314E-01
  0.2310E+01  0.4220E-02  0.1319E-02  0.4269E-01
  0.2395E+01  0.4317E-02  0.1103E-02  0.4223E-01
  0.2483E+01  0.4406E-02  0.9142E-03  0.4176E-01
  0.2574E+01  0.4489E-02  0.7508E-03  0.4128E-01
  0.2668E+01  0.4564E-02  0.6106E-03  0.4080E-01
  0.2766E+01  0.4632E-02  0.4914E-03  0.4031E-01
  0.2868E+01  0.4692E-02  0.3913E-03  0.3981E-01
  0.2973E+01  0.4745E-02  0.3080E-03  0.3930E-01
  0.3082E+01  0.4792E-02  0.2396E-03  0.3879E-01
  0.3195E+01  0.4832E-02  0.1840E-03  0.3827E-01
  0.3313E+01  0.4866E-02  0.1394E-03  0.3775E-01
  0.3434E+01  0.4895E-02  0.1042E-03  0.3722E-01
  0.3560E+01  0.4918E-02  0.7675E-04  0.3668E-01
  0.3691E+01  0.4938E-02  0.5565E-04  0.3614E-01
  0.3826E+01  0.4953E-02  0.3970E-04  0.3560E-01
  0.3967E+01  0.4965E-02  0.2784E-04  0.3505E-01
  0.4113E+01  0.4975E-02  0.1917E-04  0.3450E-01
  0.4263E+01  0.4982E-02  0.1296E-04  0.3395E-01
  0.4420E+01  0.4988E-02  0.8584E-05  0.3339E-01
  0.4582E+01  0.4991E-02  0.5568E-05  0.3283E-01
  0.4750E+01  0.4994E-02  0.3533E-05  0.3227E-01
  0.4925E+01  0.4996E-02  0.2190E-05  0.3171E-01
  0.5106E+01  0.4998E-02  0.1325E-05  0.3114E-01
  0.5293E+01  0.4999E-02  0.7810E-06  0.3058E-01
  0.5487E+01  0.4999E-02  0.4481E-06  0.3001E-01
  0.5689E+01  0.4999E-02  0.2499E-06  0.2945E-01
  0.5897E+01  0.5000E-02  0.1353E-06  0.2888E-01
  0.6114E+01  0.5000E-02  0.7093E-07  0.2832E-01
  0.6338E+01  0.5000E-02  0.3598E-07  0.2775E-01
  0.6571E+01  0.5000E-02  0.1763E-07  0.2719E-01
  0.6812E+01  0.5000E-02  0.8322E-08  0.2663E-01
  0.7062E+01  0.5000E-02  0.3781E-08  0.2608E-01
  0.7321E+01  0.5000E-02  0.1649E-08  0.2552E-01
  0.7590E+01  0.5000E-02  0.6892E-09  0.2497E-01
  0.7869E+01  0.5000E-02  0.2753E-09  0.2443E-01
  0.8158E+01  0.5000E-02  0.1049E-09  0.2389E-01
  0.8457E+01  0.5000E-02  0.3803E-10  0.2335E-01
  0.8767E+01  0.5000E-02  0.1308E-10  0.2281E-01
  0.9089E+01  0.5000E-02  0.4258E-11  0.2229E-01
  0.9423E+01  0.5000E-02  0.1308E-11  0.2176E-01
  0.9769E+01  0.5000E-02  0.3779E-12  0.2125E-01
  0.1013E+02  0.5000E-02  0.1024E-12  0.2074E-01
  0.1050E+02  0.5000E-02  0.2594E-13  0.2023E-01
  0.1088E+02  0.5000E-02  0.6117E-14  0.1973E-01
  0.1128E+02  0.5000E-02  0.1339E-14  0.1924E-01
  0.1170E+02  0.5000E-02  0.2708E-15  0.1876E-01
  0.1213E+02  0.5000E-02  0.5042E-16  0.1828E-01
  0.1257E+02  0.5000E-02  0.8604E-17  0.1781E-01
  0.1303E+02  0.5000E-02  0.1340E-17  0.1734E-01
  0.1351E+02  0.5000E-02  0.1894E-18  0.1689E-01
  0.1401E+02  0.5000E-02  0.2419E-19  0.1644E-01
  0.1452E+02  0.5000E-02  0.2776E-20  0.1600E-01
  0.1506E+02  0.5000E-02  0.2847E-21  0.1557E-01
  0.1561E+02  0.5000E-02  0.2595E-22  0.1514E-01
  0.1618E+02  0.5000E-02  0.2088E-23  0.1473E-01
  0.1678E+02  0.5000E-02  0.1474E-24  0.1432E-01
  0.1739E+02  0.5000E-02  0.9067E-26  0.1392E-01
  0.1803E+02  0.5000E-02  0.4825E-27  0.1353E-01
  0.1869E+02  0.5000E-02  0.2204E-28  0.1314E-01
  0.1938E+02  0.5000E-02  0.8577E-30  0.1277E-01
  0.2009E+02  0.5000E-02  0.2819E-31  0.1240E-01
  0.2083E+02  0.5000E-02  0.7758E-33  0.1204E-01
  0.2159E+02  0.5000E-02  0.1771E-34  0.1169E-01
  0.2238E+02  0.5000E-02  0.3322E-36  0.1134E-01
  0.2320E+02  0.5000E-02  0.5066E-38  0.1101E-01
  0.2406E+02  0.5000E-02  0.6214E-40  0.1068E-01
  0.2494E+02  0.5000E-02  0.6063E-42  0.1036E-01
  0.2585E+02  0.5000E-02  0.4648E-44  0.1005E-01
  0.2680E+02  0.5000E-02  0.2766E-46  0.9746E-02
  0.2779E+02  0.5000E-02  0.1261E-48  0.9449E-02
  0.2881E+02  0.5000E-02  0.4339E-51  0.9160E-02
  0.2987E+02  0.5000E-02  0.1112E-53  0.8879E-02
  0.3096E+02  0.5000E-02  0.2088E-56  0.8605E-02
  0.3210E+02  0.5000E-02  0.2828E-59  0.8338E-02
  0.3328E+02  0.5000E-02  0.2715E-62  0.8078E-02
  0.3450E+02  0.5000E-02  0.1816E-65  0.7825E-02
  0.3576E+02  0.5000E-02  0.8298E-69  0.7580E-02
  0.3708E+02  0.5000E-02  0.2541E-72  0.7340E-02
  0.3844E+02  0.5000E-02  0.5103E-76  0.7108E-02
  0.3985E+02  0.5000E-02  0.6580E-80  0.6882E-02
  0.4131E+02  0.5000E-02  0.5321E-84  0.6662E-02
  0.4283E+02  0.5000E-02  0.2634E-88  0.6449E-02
  0.4440E+02  0.5000E-02  0.7777E-93  0.6242E-02
  0.4603E+02  0.5000E-02  0.1334E-97  0.6040E-02
  0.4772E+02  0.5000E-02  0.1292E-102  0.5845E-02
  0.4947E+02  0.5000E-02  0.6853E-108  0.5655E-02
  0.5129E+02  0.5000E-02  0.1931E-113  0.5471E-02
  0.5317E+02  0.5000E-02  0.2796E-119  0.5292E-02
  0.5512E+02  0.5000E-02  0.2009E-125  0.5119E-02
  0.5714E+02  0.5000E-02  0.6907E-132  0.4951E-02
  0.5924E+02  0.5000E-02  0.1093E-138  0.4788E-02
  0.6142E+02  0.5000E-02  0.7654E-146  0.4630E-02
  0.6367E+02  0.5000E-02  0.2270E-153  0.4477E-02
  0.6601E+02  0.5000E-02  0.2729E-161  0.4329E-02
  0.6843E+02  0.5000E-02  0.1268E-169  0.4185E-02
  0.7094E+02  0.5000E-02  0.2168E-178  0.4045E-02
  0.7355E+02  0.5000E-02  0.1294E-187  0.3910E-02
  0.7624E+02  0.5000E-02  0.2554E-197  0.3780E-02
  0.7904E+02  0.5000E-02  0.1572E-207  0.3653E-02
  0.8194E+02  0.5000E-02  0.2843E-218  0.3530E-02
  0.8495E+02  0.5000E-02  0.1416E-229  0.3412E-02
  0.8807E+02  0.5000E-02  0.1815E-241  0.3297E-02
  0.9130E+02  0.5000E-02  0.5587E-254  0.3185E-02
  0.9465E+02  0.5000E-02  0.3830E-267  0.3078E-02
  0.9813E+02  0.5000E-02  0.5408E-281  0.2973E-02
  0.1017E+03  0.5000E-02  0.1448E-295  0.2873E-02
  0.1055E+03  0.5000E-02  0.0000E+00  0.2775E-02
  0.1093E+03  0.5000E-02  0.0000E+00  0.2681E-02
  0.1133E+03  0.5000E-02  0.0000E+00  0.2589E-02
  0.1175E+03  0.5000E-02  0.0000E+00  0.2501E-02
  0.1218E+03  0.5000E-02  0.0000E+00  0.2416E-02
  0.1263E+03  0.5000E-02  0.0000E+00  0.2333E-02
  0.1309E+03  0.5000E-02  0.0000E+00  0.2253E-02
  0.1357E+03  0.5000E-02  0.0000E+00  0.2176E-02
  0.1407E+03  0.5000E-02  0.0000E+00  0.2101E-02
  0.1459E+03  0.5000E-02  0.0000E+00  0.2029E-02
  0.1512E+03  0.5000E-02  0.0000E+00  0.1959E-02
  0.1568E+03  0.5000E-02  0.0000E+00  0.1892E-02
  0.1625E+03  0.5000E-02  0.0000E+00  0.1827E-02
  0.1685E+03  0.5000E-02  0.0000E+00  0.1764E-02
  0.1747E+03  0.5000E-02  0.0000E+00  0.1703E-02
  0.1811E+03  0.5000E-02  0.0000E+00  0.1644E-02
  0.1878E+03  0.5000E-02  0.0000E+00  0.1587E-02
  0.1946E+03  0.5000E-02  0.0000E+00  0.1532E-02
  0.2018E+03  0.5000E-02  0.0000E+00  0.1479E-02
  0.2092E+03  0.5000E-02  0.0000E+00  0.1428E-02
  0.2169E+03  0.5000E-02  0.0000E+00  0.1378E-02
  0.2248E+03  0.5000E-02  0.0000E+00  0.1330E-02
  0.2331E+03  0.5000E-02  0.0000E+00  0.1284E-02
  0.2417E+03  0.5000E-02  0.0000E+00  0.1239E-02
  0.2505E+03  0.5000E-02  0.0000E+00  0.1196E-02
  0.2597E+03  0.5000E-02  0.0000E+00  0.1155E-02
  0.2692E+03  0.5000E-02  0.0000E+00  0.1114E-02
  0.2791E+03  0.5000E-02  0.0000E+00  0.1076E-02
  0.2894E+03  0.5000E-02  0.0000E+00  0.1038E-02
  0.3000E+03  0.5000E-02  0.0000E+00  0.1002E-02
